1521758196,1521757806
1521758196,1521757806
1521758196,1521757806
1521758196,1521757806
1521758196,1521757806
1521758196,1521757806
1521758242,1521757806
1521758335,1521757806
1521758242,1521757806
1521758242,1521757806
1521758335,1521757806
1521758335,1521757806
1521758335,1521757806
1521757806,1521758242
1521758196,1521757806
1521757806,1521758242
1521758196,1521757806
1521758196,1521757806
1521758242,1521757806
1521758196,1521757806
1521758196,1521757806
1521758242,1521757806
1521758196,1521757806
1521758242,1521757806
1521758196,1521757806
1521758242,1521757806
1521758242,1521757806
1521758242,1521757806
1521758242,1521757806
1521758242,1521757806
1521758242,1521757806
1521758242,1521757806
1521758242,1521757806
1521758242,1521757806
1521758242,1521757806
1521758242,1521757806
1521758242,1521757806
1521758242,1521757806
1521758242,1521757806
1521758242,1521757806
1521758242,1521757806
1521758242,1521757806
1521758242,1521757806
1521758242,1521757806
1521758242,1521757806
1521758242,1521757806
1521758242,1521757806
1521758242,1521757806
1521758242,1521757806
1521758242,1521757806
1521758242,1521757806
1521758242,1521757806
1521758242,1521757806
1521758242,1521757806
1521758242,1521757806
1521758242,1521757806
1521758242,1521757806
1521758242,1521757806
1521758196,1521758242
1521758196,1521758242
1521758196,1521758242
1521758196,1521758242
1521758196,1521758242
1521758242,1521757806
1521758242,1521757806
1521758242,1521757806
1521757806,1521758242
1521757806,1521758326
1522130349,1521758196
1522130349,1521758196
1522130349,1521758196
1522130349,1521758196
1522130349,1521758196
1522130349,1521758196
1522130349,1521758196
1522130349,1521758196
1522130349,1521758196
1522130349,1521758196
1522130349,1521758196
1522130349,1521758196
1521758242,1522130354
1522130355,1521758335
1522130355,1521757806
1521758242,1522130354
1521758196,1522130359
1522130349,1521757806
1522130359,1522130349
1522130359,1522130349
1522130359,1522130349
1522130355,1521757806
1522130349,1521757806
1521757806,1521758242
1521757806,1521758242
1521757806,1521758242
1521757806,1521758242
1521757806,1521758242
1521757806,1521758242
1521757806,1521758242
1521757806,1521758242
1521757806,1521758242
1521757806,1521758242
1521757806,1521758242
1521757806,1521758242
1521758196,1521757806
1521757806,1521758242
1521757806,1521758242
1521758196,1521757806
1521757806,1521758242
1521758196,1522130359
1521758196,1521757806
1521758196,1521757806
1521758196,1521757806
1521758196,1521757806
1521758196,1521757806
1521758196,1521757806
1521758196,1521757806
1521757806,1521758196
1521757806,1521758196
1521758196,1521757806
1521758242,1521758196
1521758242,1521758196
1521758242,1521758196
1521758242,1521758196
1521758242,1521758196
1521758242,1521758196
1521758242,1521758196
1521758242,1521758196
1521758196,1521757806
1521758196,1521757806
1521758196,1521757806
1521758196,1521757806
1521758196,1521758242
1521758242,1521757806
1521758196,1521758242
1521757806,1521758242
1521757806,1521758196
1521758196,1521758242
1521758196,1521757806
1521758196,1521757806
1521758196,1521757806
1521758196,1521757806
1521758196,1521757806
1521758196,1521757806
1521758242,1521757806
1521758335,1521757806
1521758242,1521757806
1521758242,1521757806
1521758335,1521757806
1521758335,1521757806
1521758335,1521757806
1521757806,1521758242
1521758196,1521757806
1521757806,1521758242
1521758196,1521757806
1521758196,1521757806
1521758242,1521757806
1521758196,1521757806
1521758196,1521757806
1521758242,1521757806
1521758196,1521757806
1521758242,1521757806
1521758196,1521757806
1521758242,1521757806
1521758242,1521757806
1521758242,1521757806
1521758242,1521757806
1521758242,1521757806
1521758242,1521757806
1521758242,1521757806
1521758242,1521757806
1521758242,1521757806
1521758242,1521757806
1521758242,1521757806
1521758242,1521757806
1521758242,1521757806
1521758242,1521757806
1521758242,1521757806
1521758242,1521757806
1521758242,1521757806
1521758242,1521757806
1521758242,1521757806
1521758242,1521757806
1521758242,1521757806
1521758242,1521757806
1521758242,1521757806
1521758242,1521757806
1521758242,1521757806
1521758242,1521757806
1521758242,1521757806
1521758242,1521757806
1521758242,1521757806
1521758242,1521757806
1521758242,1521757806
1521758242,1521757806
1521758242,1521757806
1521758196,1521758242
1521758196,1521758242
1521758196,1521758242
1521758196,1521758242
1521758196,1521758242
1521758242,1521757806
1521758242,1521757806
1521758242,1521757806
1521757806,1521758242
1521757806,1521758326
1522130349,1521758196
1522130349,1521758196
1522130349,1521758196
1522130349,1521758196
1522130349,1521758196
1522130349,1521758196
1522130349,1521758196
1522130349,1521758196
1522130349,1521758196
1522130349,1521758196
1522130349,1521758196
1522130349,1521758196
1521758242,1522130354
1522130355,1521758335
1522130355,1521757806
1521758242,1522130354
1521758196,1522130359
1522130349,1521757806
1522130359,1522130349
1522130359,1522130349
1522130359,1522130349
1522130355,1521757806
1522130349,1521757806
1521757806,1521758242
1521757806,1521758242
1521757806,1521758242
1521757806,1521758242
1521757806,1521758242
1521757806,1521758242
1521757806,1521758242
1521757806,1521758242
1521757806,1521758242
1521757806,1521758242
1521757806,1521758242
1521757806,1521758242
1521758196,1521757806
1521757806,1521758242
1521757806,1521758242
1521758196,1521757806
1521757806,1521758242
1521758196,1522130359
1521758196,1521757806
1521758196,1521757806
1521758196,1521757806
1521758196,1521757806
1521758196,1521757806
1521758196,1521757806
1521758196,1521757806
1521757806,1521758196
1521757806,1521758196
1521758196,1521757806
1521758242,1521758196
1521758242,1521758196
1521758242,1521758196
1521758242,1521758196
1521758242,1521758196
1521758242,1521758196
1521758242,1521758196
1521758242,1521758196
1521758196,1521757806
1521758196,1521757806
1521758196,1521757806
1521758196,1521757806
1521758196,1521758242
1521758242,1521757806
1521758196,1521758242
1521757806,1521758242
1521757806,1521758196
1521758196,1521758242
