0,1	
1,0	
0,4	
4,0	
0,5	
5,0	
0,6	
6,0	
1,0	
0,1	
1,2	
2,1	
1,5	
5,1	
10,11	
11,10	
10,12	
12,10	
10,6	
6,10	
10,9	
9,10	
11,10	
10,11	
11,12	
12,11	
11,6	
6,11	
11,7	
7,11	
12,10	
10,12	
12,11	
11,12	
12,7	
7,12	
12,8	
8,12	
12,9	
9,12	
13,9	
9,13	
2,1	
1,2	
2,3	
3,2	
2,5	
5,2	
3,2	
2,3	
3,4	
4,3	
3,5	
5,3	
3,6	
6,3	
4,0	
0,4	
4,3	
3,4	
4,5	
5,4	
4,6	
6,4	
5,0	
0,5	
5,1	
1,5	
5,2	
2,5	
5,3	
3,5	
5,4	
4,5	
6,0	
0,6	
6,10	
10,6	
6,11	
11,6	
6,3	
3,6	
6,4	
4,6	
6,7	
7,6	
7,11	
11,7	
7,12	
12,7	
7,6	
6,7	
7,8	
8,7	
8,12	
12,8	
8,7	
7,8	
8,9	
9,8	
9,10	
10,9	
9,12	
12,9	
9,13	
13,9	
9,8	
8,9	
